390.8
1641
5.929
-48.40
-0.71
76.4
.928
.249
59.41
4.634
.270
.119
.441
911.8
-6.956
-5.993
-6.71
.2602
21.79
24.8
.767
.9501
1.775
73.33
.6250
.009
81.64
-68.21
-0.15
213
-7.30
78.94
71.07
16.7
546.4
88.35
2.51
-2.22
8.26
185
75.2
+.1032
367.0
.6427
54.0
08.0
332
19.1
1.719
8.824
6357
.788
-3.84
25.0
5.383
014.4
8.48
26.5
-4.58
035.7
.3288
.888
-0.233
42.7
2.142
981.5
.106
-59.2
.612
2036
-0225
-00.8
9.58
.0844
+.033
.4339
-.061
7.710
2.85
.3820
-.412
-.1744
-0.939
-318.3
15.9
-9179
-73.00
219.5
-806
-.6486
.255
+.456
-.361
70.12
3.35
-8.598
.831
3114
6.02
53.07
81.37
713
+5.288
2.383
.0157
.164
-125.0
-6.931
874.2
9814
322.8
-.0436
+.6190
35.2
8.01
-632
-4.27
-092
3150
-.9401
+586.5
.2851
-.8021
.7756
017.7
-139.2
52.04
+0.99
.8987
.362
27.69
6.84
-3.582
-8661
-3.997
-2.724
-003.0
-8.254
46.3
155
-90.10
-14.25
+5.36
520.9
368
6765
-46.58
+9188
19.94
4.32
-.259
.2893
344
2.437
30.7
-.923
2.311
3.54
5.258
+66.8
-8.55
.130
5.834
42.46
-.283
504.7
701.4
+5.89
1.02
-849.1
.873
3.580
+.754
52.6
+6358
-6.447
03.47
80.6
.755
.2255
.7603
.705
.978
-43.2
+24.4
-99.68
23.52
-42.3
+51.5
504.2
-.169
+6.09
716.1
-9.63
-307
-57.0
364.9
.089
-08.7
22.5
5.73
+6.90
-44.30
-0.79
9845
-1742
-.0129
151.4
.993
3.09
8.13
.4884
67.4
7.588
.6775
8.90
.470
-.753
0021
67.7
+6748
4.41
120.0
.722
27.96
+.734
.148
1055
13.5
5.43
+3.441
6.81
-70.6
-74.96
416.8
-01.0
-4.59
913.1
978.0
-392.9
8690
-75.23
019.2
002.2
7492
-6.94
-13.69
87.1
+7.557
.3837
.9608
01.6
4770
.288
28.0
4.21
-9.08
2.64
-.0115
-0.819
-822
-72.5
-.178
+63.7
708.2
9.311
53.4
48.0
4.060
-.251
39.5
+39.2
-35.3
.332
20.24
61.3
9.913
-10.7
47.25
.1939
.423
20.9
4.30
0631
-.516
-929.0
5.62
6.29
4.046
-6.37
59.1
8.85
+.9208
8.71
-42.97
52.52
9.38
-31.6
.6763
2.439
8.29
-057
+52.7
8.74
30.9
0.888
3.11
49.90
-8.00
4.68
24.14
-.575
8.903
2.71
448
-582.9
98.53
89.5
-185.2
4.10
3.67
3.32
.335
.426
-067.5
-4.347
41.96
.685
.612
-35.23
.867
-53.8
662.1
-9.07
-6.641
-1.090
+3.817
.680
226.3
.877
.484
-985.4
894.3
2324
-33.25
+.082
7.61
.1632
668
06.71
-6.788
6.93
687.4
7.234
-5.532
.069
940.7
+5.051
-4.80
625.8
35.8
2.316
-.355
+71.71
.0502
933.1
8.00
-.751
-48.0
93.02
63.36
731
-5.124
+169.9
799.7
-8.86
-96.18
10.56
.742
66.4
.851
-630.8
0.38
56.61
771.1
6144
6.74
.559
.8728
3.71
.226
-04.54
-72.9
-2.126
7.47
.6789
-.741
25.08
9.13
886.4
96.66
.7217
9045
1.411
.8893
-957.4
90.43
-020.4
.7107
42.8
-4.10
23.3
.908
9.82
-.996
663.3
7665
6.379
-971.9
35.39
-124.0
-32.4
790
79.80
70.5
-.2896
068.4
5054
-1.359
889.2
04.0
-97.7
.7255
-.818
9.10
-.831
9.84
-0.208
-08.0
-8.40
0466
-.275
13.0
.637
91.4
729.2
3.322
5.63
43.7
82.0
00.01
-.2280
.1786
86.3
78.77
599
23.9
-65.2
60.0
2.724
2236
.8185
145.0
17.4
02.9
71.5
.919
+34.4
1.70
-900.5
9.12
507.5
09.1
-40.3
11.3
.9872
7.645
6.42
76.63
925.0
.273
901
.9374
983
280
-86.30
47.0
.794
27.69
8.133
-216.6
-.710
37.41
-.1385
.5185
.906
.539
+840.5
973.8
.870
